116 DE NVMERIS PRIMIS

309‚315‚32¹‚a25>322335,³452349‚a7¹‚a75,a79‚

8 8 8
405, 409,415‚ 485, 111118,445,119,15119988989,

1
519,ς11,589,585,5451559,569,578,575, 579154878,

609, 631, ⁶³9 641, 649, 661 6,69,685, 689 ,,695 699

711 ,,781 719, 715, 758,779, 7881798, 799
8151889182Ῑ184Ῑ1855186118698875798Ῑ1985
991,969988,985,989,915,919,918 955> 959 979,

988, 985, 989, 998
1011,1011,1ο1ς,1ο19,1ο91,1139, 1051, 11951169

1ο81,1ο91,1ο9ς,1ο99
1111 ,111ς,1119,1151,1199,1161, 1171, 1179,- 1181

11 ,11
’ 11091119,1115,118,1,11ς1,11ςς,1165,11889,11Ξζ

12
13115181521329213452 Ῑ3491 Ῑ3591Ῑ398 11Ῑ389839Ξ
1405,14111419,1421,1439‚1459,1465‚1469‚1489
ι’1951 ¹4⁹9

valores numeri· a, quibus formam --¹

fit numerus primus.
2 ,8, 88, 88, 88484818, 18168, 78, 88, 98
102 108 152 158,178,188,198
λ111, 111 ,138, 248, 158, 161, 272 191, 198
888,188,188,118,118,168 188
498188,188,458,868,178,188,898
59815881558, 578588

 

