VALDE MAGNIS. 887

608, 688, 688, 638, 638, 668, 698, 698
711711, 781, 781, 79²
888,838,848,848,868,878,898
918911, 841, 861, 871, 971, 988
8008,8068,8078,8078,8088

8808, 8888,8838, 8898

8808, 8838, 8878,8878,8898

8388, 8348, 8358, 8378, 8378

8408, 8448, 8438, 8478, 8488, 8498

Valores numdi a, quibus forma ³³35

fit numerus primus.

87,,18 17 18, 17, 88, 87 8868, 67, 77, 1787
1118118117,187,11,7,158,168,167,187
118117, 187168167,177118117, 187
818, 818, 887, 818, 867, 878 818, 897 .
1,17 817, 488, 888

508, 511 517, 517, 518587, 547, 558, 57Q587
ω7,ω7Μ778ω8Μ7“8

758, 768, 778 777, 787 ,
887, 883,833, 847, 867, 873, 877 888 .
818, 817, 818 817, 888, 987, 847888, 818 887
8047, 8053, 8,063 8073

1118,1117,1187,11871168,1167·,1178,1117,1187
8883, 8833, 8847, 8873 -
11871867187718171887 1

1 1413,14171811,1887,11,78,1497

Hinc autern iterum 9 numeri 4primi 888988 8000000
3 obtinentur, ex forma scilicetm --‚ quandq a> 8484.

l

 

